seeded 400 files and 20000 passages in 48 s

Passages found for one question (of 8 asked):
tele-caller, company 1, iterative scan on: 8
tele-caller, company 1, iterative scan off: 8

=== search, tele-caller, company 1 ===
Sort (actual time=1.178..1.185 rows=8 loops=1)
  Sort Key: n.distance, n.knowledge_file_id, n."position"
  Sort Method: quicksort  Memory: 25kB
  Buffers: shared hit=516
  CTE nearest
    ->  Limit (actual time=0.889..0.956 rows=8 loops=1)
          Buffers: shared hit=507
          InitPlan 1
            ->  Result (actual time=0.005..0.006 rows=1 loops=1)
          InitPlan 2
            ->  Result (never executed)
          InitPlan 3
            ->  Result (actual time=0.004..0.004 rows=1 loops=1)
          InitPlan 4
            ->  Result (actual time=0.006..0.006 rows=1 loops=1)
          InitPlan 5
            ->  Result (never executed)
          ->  Index Scan using knowledge_chunks_embedding_idx on knowledge_chunks c (actual time=0.888..0.952 rows=8 loops=1)
                Order By: (embedding <=> '[-0.050298,-0.010863,-0.02522,-0.019809,-0.027097,0.034056,0.044012,-0.032303,-0.044586,-0.007267,0.025633,0.017725,0.052179,0.015968,-0.006737,0.047267,-0.021644,-0.003953,0.026898,-0.015657,-0.022058,-0.016647,-0.012726,-0.042248,0.027723,-0.010808,0.044418,0.031948,-0.042738,-0.050743,0.026337,0.03142,-0.002785,-0.010093,-0.032341,-3.1e-05,-0.050206,-0.043999,-0.036053,0.006342,-0.054716,-0.031918,-0.033122,-0.023356,0.037934,0.000362,-0.018507,-0.020842,-0.03328,0.02555,-0.022831,-0.029523,0.026728,0.046184,-0.006856,0.025906,0.034507,0.012724,-0.00778,-0.011273,-0.017647,0.019542,-0.036202,0.000606,0.000557,-0.038232,-0.019936,0.051731,0.028299,-0.019809,0.004564,0.054185,-0.018587,0.023702,-0.004551,-0.004334,-0.012908,-0.009616,-0.012882,0.012094,0.017847,-0.042786,0.053327,0.037105,-0.042832,0.051348,-0.002101,-0.016047,-0.034815,0.01495,-3.7e-05,-0.014289,-0.043613,-0.032304,-0.012837,-0.034661,-0.037228,0.043832,-0.040474,-0.002298,-0.001105,0.051552,0.006172,0.043974,-0.001114,0.007486,0.029825,0.039901,-0.020746,-0.01563,0.040391,-0.048632,-0.053954,0.013208,0.048972,0.014995,-0.01187,-0.0444,0.021693,0.025808,0.046612,0.014981,0.011492,-0.045364,0.051774,-0.041808,-0.043565,-0.054155,-0.033704,-0.027097,-0.015311,-0.04705,0.017568,0.016879,0.026601,-0.002222,-0.002899,0.033195,0.040481,-0.011505,-0.040141,0.001467,-0.055098,0.017747,-0.039327,-0.007506,0.053937,0.027555,0.006272,0.014339,0.011214,0.031303,0.048645,0.049313,-0.02039,0.030695,-0.045566,0.019588,0.018836,0.005295,0.000562,0.027542,0.022249,0.05033,-0.008362,-0.049125,-0.017317,0.034846,0.025417,0.045496,0.040165,-0.033153,0.041558,0.02853,0.007341,-0.052896,-0.053336,-0.023178,0.044637,-0.009043,0.041966,-0.006273,-0.038992,0.019625,-0.046491,0.0324,0.013158,-0.018929,0.014677,-0.052766,0.006495,-0.051703,0.03741,-0.009112,-0.03895,0.024728,0.012939,0.001258,0.019147,-0.031927,-0.052298,-0.014897,-0.050591,-0.034147,0.00935,0.026338,0.013992,0.049796,0.003627,0.048283,-0.039484,0.039216,0.000455,0.002987,0.05528,-0.018267,-0.024985,0.042464,-0.035375,-0.029169,-0.009919,0.0397,-0.047674,0.029822,-0.04375,0.024114,0.053833,0.052905,0.014798,0.041809,0.053939,-0.032285,0.023404,0.032685,0.032703,-0.003429,-0.014886,0.035415,-0.015448,0.028108,-0.00873,0.005485,-0.022376,0.017852,0.018793,-0.035631,-0.019438,-0.053425,0.030488,0.045846,-0.003111,0.004329,0.046501,0.045391,0.049083,0.014189,-0.033891,0.025594,-0.046298,-0.046433,-0.017507,0.023906,-0.046181,-0.007161,0.017596,-0.033734,0.016731,0.003799,0.010824,-0.055346,-0.012671,-0.00144,-0.014697,-0.031805,0.004128,0.040136,-0.022145,-0.052798,0.01596,0.027757,-0.012074,-0.051352,-0.004129,0.046353,-0.001712,-0.000559,0.04351,-0.019908,0.031696,-0.042254,-0.053917,0.028859,-0.039464,-0.01709,0.050844,0.006922,0.01502,0.017958,-0.015928,0.013674,0.026285,0.033196,0.035673,-0.02256,0.009514,0.053877,0.036879,-0.021113,0.046709,0.005859,-0.028222,0.029739,0.027966,0.05348,-0.002805,-0.046827,0.023271,-0.023054,0.037948,-0.03444,-0.021533,-0.029329,-0.05492,0.024379,-0.041905,-0.041886,0.010492,0.044626,0.007602,-0.027127,-0.054356,-0.000163,-0.033765,0.027518,-0.020946,-0.019712,-0.003336,-0.034065,0.049181,-0.030517,0.037205,0.036275,0.015463,-0.027662,0.001509,0.025723,-0.010195,-0.022453,-0.026735,-0.017409,-0.005058,0.042062,-0.035652,-0.049132,0.046135,-0.046504,0.014829,-0.040638,-0.027247,0.045811,0.040722,-0.027803,0.037322,0.023775,-0.015223,0.035904,0.051286,0.034065,-0.017317,0.013762,-0.005862,0.013812,-0.005589,0.024886,-0.017976,0.011928,-0.054388,0.008126,-0.02779,0.047213,0.041295,-0.025564,-0.026135,0.009171,-0.001121,-0.047537,-0.05175,-0.048298,0.045852,0.027866,-0.00468,-0.002813,0.040898,-0.016472,-0.044203,0.045814,-0.005139,0.046924,-0.037307,0.00176,0.017159,-0.023555,-0.017696,0.017061,0.041905,-0.034937,-0.047119,-0.001236,0.022425,-0.053941,-0.05465,0.014857,0.024279,0.008777,-0.021674,0.007774,-0.044334,0.014625,-0.006547,0.034532,-0.0218,-0.046952,-0.022264,-0.035998,0.010125,-0.031421,0.035844,-0.041752,0.041543,0.026124,0.00537,0.050079,0.041113,0.017431,0.010861,-0.011018,-0.011157,-0.026014,-0.053507,0.036712,-0.022466,-0.04668,-0.034407,-0.040874,-0.034755,4.9e-05,0.030643,0.021833,-0.038095,-0.027799,0.051217,0.020885,-0.040149,-0.039499,0.000733,-0.006792,-0.030878,-0.042369,-0.040048,-0.048973,-0.027913,-0.00921,0.00698,0.023709,0.02903,0.039118,0.017528,-0.036429,-0.035293,-0.037788,-0.007078,-0.006449,0.033165,-0.052011,0.014791,-0.021632,-0.041445,0.01551,0.042291,-0.004533,-0.014143,0.021788,-0.0526,0.038959,0.03449,-0.013115,-0.005746,-0.001645,0.006485,0.01889,-0.029802,-0.05448,-0.016144,0.050308,-0.015976,0.017964,0.029314,0.008012,0.005347,0.025552,0.054406,-0.04249,0.003363,-0.017377,0.012833,-0.008758,-0.012308,0.00912,-0.020324,0.053635,0.055246,-0.013278,0.002813,-0.012347,-0.04918,0.005964,0.034286,0.006595,-0.01216,-0.03743,0.006252,-0.027352,-0.001538,0.034981,-0.027208,0.050371,-0.0028,0.054114,-0.017584,0.035461,0.015199,-0.005328,-0.04211,-0.033935,-0.038862,-0.023992,0.049239,-0.054909,-0.048685,0.043836,0.014494,0.054776,-0.02184,0.012591,-0.019161,0.035533,-0.005281,-0.009124,-0.010661,0.008858,-0.02136,0.040042,-0.022882,-0.008243,0.04495,-0.03795,0.020663,0.023469,0.011009,0.053509,-0.043002,0.038717,0.039568,-0.047662,0.01649,0.037989,0.050376,-0.026102,-0.000552,-0.0386,-0.002779,0.00581,0.015714,0.021982,-0.007365,-0.005935,0.00612,-0.017283,0.008758,-0.035281,-0.0367,0.041426,-0.015135,0.017298,0.031688,-0.010079,-0.018028,-0.009854,-0.020925,-0.010426,0.020537,-0.031063,0.004488,-0.01777,-0.044601,-0.014545,-0.031604,-0.032306,0.036516,0.027198,-0.045759,0.043209,-0.031501,0.020981,0.014175,-0.02292,-0.002215,-0.0084,0.01378,2.6e-05,0.004757,0.011586,0.02974,0.04304,-0.016228,-0.010147,-0.033123,-0.023542,-0.035071,-0.043707,0.05189,-0.049891,-0.023456,0.038781,-0.03708,-0.031211,0.048529,-0.014075,-0.021105,-0.005881,-0.031651,0.046166,0.035106,0.004907,0.015144,-0.006638,-0.004237,0.000454,0.039836,-0.021648,-0.015773,0.008196,-0.022063,0.012893,0.036705,-0.044955,-0.029541,-0.014773,0.018507,-0.051942,-0.049368,0.005278,0.019117,0.002541,0.025244,0.042747,0.013484,-0.041628,-0.009266,0.011936,0.026873,0.050252,0.049328,-0.002359,0.016654,0.052452,0.050264,-0.019899,0.006626,-0.024125,0.045462,-0.019619,0.041642,-0.017766,2.1e-05,-0.05416,-0.034467,-0.017623,-0.00289,-0.033249,0.049312,-0.031604,-0.047513,-0.046105,-0.029869,0.041102,0.019739,-0.009829,0.040252,-0.005725,-0.004915,-0.047465,0.054313,0.020249,0.001856,-0.013284,0.034628,-0.004176,0.038808,0.017795,0.04542,0.001831,-0.040348,-0.005696,-0.022565,-0.042781,0.045633,0.050821,-0.051977,0.031208,0.052909,-0.022764,0.000424,-0.039465,0.025151,-0.035476,0.006168,0.052024,0.02842,-0.018922,-0.004931,0.027517,0.008136,0.053865,-0.038928,0.004369,0.029549,-0.013721,-0.002774,0.030827,-0.02772,0.01065,0.047102,0.000191,0.020256,0.025782,-0.023591,0.031857,0.029042,-0.012536,0.048777,-0.031451,-0.030616,0.046859,-0.01077,-0.012075,0.046403,0.048034,-0.032916,-0.036708,-0.048566,-0.005365,0.007513,-0.006058,0.021895,-0.019772,-0.028041,-0.0397,-0.000177,-0.000317,0.054206,0.038042,-0.030257,7.6e-05,-0.027981,0.030743,-0.015181,0.041053,-0.036337,0.005496,-0.004061,0.011228,-0.003725,-0.01765,-0.021651,-0.03336,0.012948,-0.0459,0.010023,0.04704,0.032181,0.006698,-0.049152,-0.042326,0.009684,0.048285,0.044372,0.031035,-0.023122,-0.039103,-0.027758,-0.037868,0.051254,-0.032408,-0.005019,0.041488,0.039503,0.029517,0.025068,0.021579,-0.003336,-0.028511,-0.022418,-0.004981,0.042661,-0.006555,-0.020387,0.050108,0.03075,-0.048024,-0.007347,-0.037507,-0.008673,0.043499,-0.003251,0.005021,0.020083,-0.029968,0.023356,0.036964,-0.034157,0.034441,0.037618,0.047801,0.005933,0.012228,0.047503,-0.040284,0.021269,0.05371,0.048638,0.016373,0.047306,0.026921,-0.055262,0.000657,-0.028885,-0.03282,-0.0275,-0.030517,-0.011758,0.023,0.029555,0.001442,-0.012942,-0.034068,0.04857,-0.007135,-0.020288,-0.029476,-0.048972,0.000846,0.046985,0.041658,-0.008403,-0.031071,0.019951,-0.031676,-0.011712,-0.004527,0.009113,-0.011504,0.008434,-0.015584,-0.043134,-0.021508,0.046593,0.005411,-0.027684,-0.015956,0.047801,0.042621,-0.043947,0.015113,-0.020542,0.025712,-0.023199,0.002729,-0.036953,0.029352,-0.00875,0.035597,-0.021705,0.051245,-0.029348,-0.036239,-0.046658,-0.00111,0.049035,-0.001161,-0.000664,-0.052558,0.024075,-0.00753,-0.002182,0.026246,-0.014583,-0.015428,-0.016066,0.013078,-0.027891,0.004809,0.0325,0.042439,-0.013482,-0.001819,-0.048912,0.009734,0.0421,0.053492,-0.048714,-0.040198,0.013975,-0.052337,0.049295,-0.051817,0.020108,-0.051645,0.044969,-0.027867,0.001598,-0.004124,-0.019952,0.012578,-0.044437,-0.022196,0.032276,0.017901,-0.01263,0.054533,-0.020643,0.013575,0.042433,-0.040723,0.022679,-0.016162,0.006941,0.049402,0.032682,0.029825,0.032259,-0.022747,-0.042736,-0.001576,0.046373,-0.042955,-0.040873,0.004957,-0.017532,-0.012076,-0.027842,-0.011963,-0.048826,0.015737,0.024825,0.015245,0.02035,0.053781,0.001092,0.048243,-0.010739,-0.025647,-0.030091,-0.040988,-0.023343,-0.048612,0.027224,-0.035241,-0.003465,-0.05332,-0.035912,0.041968,-0.048358,0.008447,-0.022285,-0.022888,0.010759,-0.00298,0.052273,0.027561,0.026565,-0.05102,0.018146,-0.002875,0.013166,0.030635,0.043934,-0.025917,-0.022051,-0.033089,-0.020882,-0.02795,0.049905,-0.055255,0.014204,0.02171,0.047652,0.038395,0.052807,-0.043143,0.032022,0.044035,-0.027391,-0.012906,0.033158,0.026965,-0.020769,-0.041038,-0.048646,-0.001148,0.03721,-0.033514,-0.036645,-0.0321,-0.004735,-0.043902,-0.031169,0.002845,0.007311,-0.024465,0.052976,-0.012101,0.006289,0.002374]'::vector)
                Filter: ((((sensitivity = 'staff_ai_ok'::text) AND (InitPlan 3).col1) OR ((sensitivity = 'management'::text) AND (InitPlan 4).col1) OR ((sensitivity = 'exec_only'::text) AND (InitPlan 5).col1)) AND ((entity_id = ANY ((InitPlan 1).col1)) OR ((entity_id IS NULL) AND (cardinality((InitPlan 2).col1) > 0))))
                Rows Removed by Filter: 150
                Buffers: shared hit=507
  InitPlan 7
    ->  Result (actual time=0.004..0.005 rows=1 loops=1)
  InitPlan 8
    ->  Result (actual time=0.003..0.003 rows=1 loops=1)
  InitPlan 9
    ->  Result (actual time=0.007..0.007 rows=1 loops=1)
  InitPlan 10
    ->  Result (actual time=0.002..0.002 rows=1 loops=1)
  InitPlan 11
    ->  Result (actual time=0.002..0.002 rows=1 loops=1)
  ->  Hash Join (actual time=1.155..1.166 rows=8 loops=1)
        Hash Cond: (f.id = n.knowledge_file_id)
        Buffers: shared hit=516
        ->  Seq Scan on knowledge_files f (actual time=0.029..0.147 rows=136 loops=1)
              Filter: ((((sensitivity = 'staff_ai_ok'::text) AND (InitPlan 9).col1) OR ((sensitivity = 'management'::text) AND (InitPlan 10).col1) OR ((sensitivity = 'exec_only'::text) AND (InitPlan 11).col1)) AND ((entity_id = ANY ((InitPlan 7).col1)) OR ((entity_id IS NULL) AND (cardinality((InitPlan 8).col1) > 0))))
              Rows Removed by Filter: 282
              Buffers: shared hit=9
        ->  Hash (actual time=0.970..0.971 rows=8 loops=1)
              Buckets: 1024  Batches: 1  Memory Usage: 9kB
              Buffers: shared hit=507
              ->  CTE Scan on nearest n (actual time=0.893..0.963 rows=8 loops=1)
                    Buffers: shared hit=507
Planning:
  Buffers: shared hit=5
Planning Time: 0.452 ms
Execution Time: 1.300 ms

=== search, tele-caller, company 1, without the iterative scan ===
Sort (actual time=1.050..1.056 rows=8 loops=1)
  Sort Key: n.distance, n.knowledge_file_id, n."position"
  Sort Method: quicksort  Memory: 25kB
  Buffers: shared hit=516
  CTE nearest
    ->  Limit (actual time=0.781..0.844 rows=8 loops=1)
          Buffers: shared hit=507
          InitPlan 1
            ->  Result (actual time=0.005..0.005 rows=1 loops=1)
          InitPlan 2
            ->  Result (never executed)
          InitPlan 3
            ->  Result (actual time=0.003..0.003 rows=1 loops=1)
          InitPlan 4
            ->  Result (actual time=0.007..0.007 rows=1 loops=1)
          InitPlan 5
            ->  Result (never executed)
          ->  Index Scan using knowledge_chunks_embedding_idx on knowledge_chunks c (actual time=0.779..0.839 rows=8 loops=1)
                Order By: (embedding <=> '[-0.050298,-0.010863,-0.02522,-0.019809,-0.027097,0.034056,0.044012,-0.032303,-0.044586,-0.007267,0.025633,0.017725,0.052179,0.015968,-0.006737,0.047267,-0.021644,-0.003953,0.026898,-0.015657,-0.022058,-0.016647,-0.012726,-0.042248,0.027723,-0.010808,0.044418,0.031948,-0.042738,-0.050743,0.026337,0.03142,-0.002785,-0.010093,-0.032341,-3.1e-05,-0.050206,-0.043999,-0.036053,0.006342,-0.054716,-0.031918,-0.033122,-0.023356,0.037934,0.000362,-0.018507,-0.020842,-0.03328,0.02555,-0.022831,-0.029523,0.026728,0.046184,-0.006856,0.025906,0.034507,0.012724,-0.00778,-0.011273,-0.017647,0.019542,-0.036202,0.000606,0.000557,-0.038232,-0.019936,0.051731,0.028299,-0.019809,0.004564,0.054185,-0.018587,0.023702,-0.004551,-0.004334,-0.012908,-0.009616,-0.012882,0.012094,0.017847,-0.042786,0.053327,0.037105,-0.042832,0.051348,-0.002101,-0.016047,-0.034815,0.01495,-3.7e-05,-0.014289,-0.043613,-0.032304,-0.012837,-0.034661,-0.037228,0.043832,-0.040474,-0.002298,-0.001105,0.051552,0.006172,0.043974,-0.001114,0.007486,0.029825,0.039901,-0.020746,-0.01563,0.040391,-0.048632,-0.053954,0.013208,0.048972,0.014995,-0.01187,-0.0444,0.021693,0.025808,0.046612,0.014981,0.011492,-0.045364,0.051774,-0.041808,-0.043565,-0.054155,-0.033704,-0.027097,-0.015311,-0.04705,0.017568,0.016879,0.026601,-0.002222,-0.002899,0.033195,0.040481,-0.011505,-0.040141,0.001467,-0.055098,0.017747,-0.039327,-0.007506,0.053937,0.027555,0.006272,0.014339,0.011214,0.031303,0.048645,0.049313,-0.02039,0.030695,-0.045566,0.019588,0.018836,0.005295,0.000562,0.027542,0.022249,0.05033,-0.008362,-0.049125,-0.017317,0.034846,0.025417,0.045496,0.040165,-0.033153,0.041558,0.02853,0.007341,-0.052896,-0.053336,-0.023178,0.044637,-0.009043,0.041966,-0.006273,-0.038992,0.019625,-0.046491,0.0324,0.013158,-0.018929,0.014677,-0.052766,0.006495,-0.051703,0.03741,-0.009112,-0.03895,0.024728,0.012939,0.001258,0.019147,-0.031927,-0.052298,-0.014897,-0.050591,-0.034147,0.00935,0.026338,0.013992,0.049796,0.003627,0.048283,-0.039484,0.039216,0.000455,0.002987,0.05528,-0.018267,-0.024985,0.042464,-0.035375,-0.029169,-0.009919,0.0397,-0.047674,0.029822,-0.04375,0.024114,0.053833,0.052905,0.014798,0.041809,0.053939,-0.032285,0.023404,0.032685,0.032703,-0.003429,-0.014886,0.035415,-0.015448,0.028108,-0.00873,0.005485,-0.022376,0.017852,0.018793,-0.035631,-0.019438,-0.053425,0.030488,0.045846,-0.003111,0.004329,0.046501,0.045391,0.049083,0.014189,-0.033891,0.025594,-0.046298,-0.046433,-0.017507,0.023906,-0.046181,-0.007161,0.017596,-0.033734,0.016731,0.003799,0.010824,-0.055346,-0.012671,-0.00144,-0.014697,-0.031805,0.004128,0.040136,-0.022145,-0.052798,0.01596,0.027757,-0.012074,-0.051352,-0.004129,0.046353,-0.001712,-0.000559,0.04351,-0.019908,0.031696,-0.042254,-0.053917,0.028859,-0.039464,-0.01709,0.050844,0.006922,0.01502,0.017958,-0.015928,0.013674,0.026285,0.033196,0.035673,-0.02256,0.009514,0.053877,0.036879,-0.021113,0.046709,0.005859,-0.028222,0.029739,0.027966,0.05348,-0.002805,-0.046827,0.023271,-0.023054,0.037948,-0.03444,-0.021533,-0.029329,-0.05492,0.024379,-0.041905,-0.041886,0.010492,0.044626,0.007602,-0.027127,-0.054356,-0.000163,-0.033765,0.027518,-0.020946,-0.019712,-0.003336,-0.034065,0.049181,-0.030517,0.037205,0.036275,0.015463,-0.027662,0.001509,0.025723,-0.010195,-0.022453,-0.026735,-0.017409,-0.005058,0.042062,-0.035652,-0.049132,0.046135,-0.046504,0.014829,-0.040638,-0.027247,0.045811,0.040722,-0.027803,0.037322,0.023775,-0.015223,0.035904,0.051286,0.034065,-0.017317,0.013762,-0.005862,0.013812,-0.005589,0.024886,-0.017976,0.011928,-0.054388,0.008126,-0.02779,0.047213,0.041295,-0.025564,-0.026135,0.009171,-0.001121,-0.047537,-0.05175,-0.048298,0.045852,0.027866,-0.00468,-0.002813,0.040898,-0.016472,-0.044203,0.045814,-0.005139,0.046924,-0.037307,0.00176,0.017159,-0.023555,-0.017696,0.017061,0.041905,-0.034937,-0.047119,-0.001236,0.022425,-0.053941,-0.05465,0.014857,0.024279,0.008777,-0.021674,0.007774,-0.044334,0.014625,-0.006547,0.034532,-0.0218,-0.046952,-0.022264,-0.035998,0.010125,-0.031421,0.035844,-0.041752,0.041543,0.026124,0.00537,0.050079,0.041113,0.017431,0.010861,-0.011018,-0.011157,-0.026014,-0.053507,0.036712,-0.022466,-0.04668,-0.034407,-0.040874,-0.034755,4.9e-05,0.030643,0.021833,-0.038095,-0.027799,0.051217,0.020885,-0.040149,-0.039499,0.000733,-0.006792,-0.030878,-0.042369,-0.040048,-0.048973,-0.027913,-0.00921,0.00698,0.023709,0.02903,0.039118,0.017528,-0.036429,-0.035293,-0.037788,-0.007078,-0.006449,0.033165,-0.052011,0.014791,-0.021632,-0.041445,0.01551,0.042291,-0.004533,-0.014143,0.021788,-0.0526,0.038959,0.03449,-0.013115,-0.005746,-0.001645,0.006485,0.01889,-0.029802,-0.05448,-0.016144,0.050308,-0.015976,0.017964,0.029314,0.008012,0.005347,0.025552,0.054406,-0.04249,0.003363,-0.017377,0.012833,-0.008758,-0.012308,0.00912,-0.020324,0.053635,0.055246,-0.013278,0.002813,-0.012347,-0.04918,0.005964,0.034286,0.006595,-0.01216,-0.03743,0.006252,-0.027352,-0.001538,0.034981,-0.027208,0.050371,-0.0028,0.054114,-0.017584,0.035461,0.015199,-0.005328,-0.04211,-0.033935,-0.038862,-0.023992,0.049239,-0.054909,-0.048685,0.043836,0.014494,0.054776,-0.02184,0.012591,-0.019161,0.035533,-0.005281,-0.009124,-0.010661,0.008858,-0.02136,0.040042,-0.022882,-0.008243,0.04495,-0.03795,0.020663,0.023469,0.011009,0.053509,-0.043002,0.038717,0.039568,-0.047662,0.01649,0.037989,0.050376,-0.026102,-0.000552,-0.0386,-0.002779,0.00581,0.015714,0.021982,-0.007365,-0.005935,0.00612,-0.017283,0.008758,-0.035281,-0.0367,0.041426,-0.015135,0.017298,0.031688,-0.010079,-0.018028,-0.009854,-0.020925,-0.010426,0.020537,-0.031063,0.004488,-0.01777,-0.044601,-0.014545,-0.031604,-0.032306,0.036516,0.027198,-0.045759,0.043209,-0.031501,0.020981,0.014175,-0.02292,-0.002215,-0.0084,0.01378,2.6e-05,0.004757,0.011586,0.02974,0.04304,-0.016228,-0.010147,-0.033123,-0.023542,-0.035071,-0.043707,0.05189,-0.049891,-0.023456,0.038781,-0.03708,-0.031211,0.048529,-0.014075,-0.021105,-0.005881,-0.031651,0.046166,0.035106,0.004907,0.015144,-0.006638,-0.004237,0.000454,0.039836,-0.021648,-0.015773,0.008196,-0.022063,0.012893,0.036705,-0.044955,-0.029541,-0.014773,0.018507,-0.051942,-0.049368,0.005278,0.019117,0.002541,0.025244,0.042747,0.013484,-0.041628,-0.009266,0.011936,0.026873,0.050252,0.049328,-0.002359,0.016654,0.052452,0.050264,-0.019899,0.006626,-0.024125,0.045462,-0.019619,0.041642,-0.017766,2.1e-05,-0.05416,-0.034467,-0.017623,-0.00289,-0.033249,0.049312,-0.031604,-0.047513,-0.046105,-0.029869,0.041102,0.019739,-0.009829,0.040252,-0.005725,-0.004915,-0.047465,0.054313,0.020249,0.001856,-0.013284,0.034628,-0.004176,0.038808,0.017795,0.04542,0.001831,-0.040348,-0.005696,-0.022565,-0.042781,0.045633,0.050821,-0.051977,0.031208,0.052909,-0.022764,0.000424,-0.039465,0.025151,-0.035476,0.006168,0.052024,0.02842,-0.018922,-0.004931,0.027517,0.008136,0.053865,-0.038928,0.004369,0.029549,-0.013721,-0.002774,0.030827,-0.02772,0.01065,0.047102,0.000191,0.020256,0.025782,-0.023591,0.031857,0.029042,-0.012536,0.048777,-0.031451,-0.030616,0.046859,-0.01077,-0.012075,0.046403,0.048034,-0.032916,-0.036708,-0.048566,-0.005365,0.007513,-0.006058,0.021895,-0.019772,-0.028041,-0.0397,-0.000177,-0.000317,0.054206,0.038042,-0.030257,7.6e-05,-0.027981,0.030743,-0.015181,0.041053,-0.036337,0.005496,-0.004061,0.011228,-0.003725,-0.01765,-0.021651,-0.03336,0.012948,-0.0459,0.010023,0.04704,0.032181,0.006698,-0.049152,-0.042326,0.009684,0.048285,0.044372,0.031035,-0.023122,-0.039103,-0.027758,-0.037868,0.051254,-0.032408,-0.005019,0.041488,0.039503,0.029517,0.025068,0.021579,-0.003336,-0.028511,-0.022418,-0.004981,0.042661,-0.006555,-0.020387,0.050108,0.03075,-0.048024,-0.007347,-0.037507,-0.008673,0.043499,-0.003251,0.005021,0.020083,-0.029968,0.023356,0.036964,-0.034157,0.034441,0.037618,0.047801,0.005933,0.012228,0.047503,-0.040284,0.021269,0.05371,0.048638,0.016373,0.047306,0.026921,-0.055262,0.000657,-0.028885,-0.03282,-0.0275,-0.030517,-0.011758,0.023,0.029555,0.001442,-0.012942,-0.034068,0.04857,-0.007135,-0.020288,-0.029476,-0.048972,0.000846,0.046985,0.041658,-0.008403,-0.031071,0.019951,-0.031676,-0.011712,-0.004527,0.009113,-0.011504,0.008434,-0.015584,-0.043134,-0.021508,0.046593,0.005411,-0.027684,-0.015956,0.047801,0.042621,-0.043947,0.015113,-0.020542,0.025712,-0.023199,0.002729,-0.036953,0.029352,-0.00875,0.035597,-0.021705,0.051245,-0.029348,-0.036239,-0.046658,-0.00111,0.049035,-0.001161,-0.000664,-0.052558,0.024075,-0.00753,-0.002182,0.026246,-0.014583,-0.015428,-0.016066,0.013078,-0.027891,0.004809,0.0325,0.042439,-0.013482,-0.001819,-0.048912,0.009734,0.0421,0.053492,-0.048714,-0.040198,0.013975,-0.052337,0.049295,-0.051817,0.020108,-0.051645,0.044969,-0.027867,0.001598,-0.004124,-0.019952,0.012578,-0.044437,-0.022196,0.032276,0.017901,-0.01263,0.054533,-0.020643,0.013575,0.042433,-0.040723,0.022679,-0.016162,0.006941,0.049402,0.032682,0.029825,0.032259,-0.022747,-0.042736,-0.001576,0.046373,-0.042955,-0.040873,0.004957,-0.017532,-0.012076,-0.027842,-0.011963,-0.048826,0.015737,0.024825,0.015245,0.02035,0.053781,0.001092,0.048243,-0.010739,-0.025647,-0.030091,-0.040988,-0.023343,-0.048612,0.027224,-0.035241,-0.003465,-0.05332,-0.035912,0.041968,-0.048358,0.008447,-0.022285,-0.022888,0.010759,-0.00298,0.052273,0.027561,0.026565,-0.05102,0.018146,-0.002875,0.013166,0.030635,0.043934,-0.025917,-0.022051,-0.033089,-0.020882,-0.02795,0.049905,-0.055255,0.014204,0.02171,0.047652,0.038395,0.052807,-0.043143,0.032022,0.044035,-0.027391,-0.012906,0.033158,0.026965,-0.020769,-0.041038,-0.048646,-0.001148,0.03721,-0.033514,-0.036645,-0.0321,-0.004735,-0.043902,-0.031169,0.002845,0.007311,-0.024465,0.052976,-0.012101,0.006289,0.002374]'::vector)
                Filter: ((((sensitivity = 'staff_ai_ok'::text) AND (InitPlan 3).col1) OR ((sensitivity = 'management'::text) AND (InitPlan 4).col1) OR ((sensitivity = 'exec_only'::text) AND (InitPlan 5).col1)) AND ((entity_id = ANY ((InitPlan 1).col1)) OR ((entity_id IS NULL) AND (cardinality((InitPlan 2).col1) > 0))))
                Rows Removed by Filter: 150
                Buffers: shared hit=507
  InitPlan 7
    ->  Result (actual time=0.004..0.005 rows=1 loops=1)
  InitPlan 8
    ->  Result (actual time=0.004..0.004 rows=1 loops=1)
  InitPlan 9
    ->  Result (actual time=0.007..0.007 rows=1 loops=1)
  InitPlan 10
    ->  Result (actual time=0.002..0.003 rows=1 loops=1)
  InitPlan 11
    ->  Result (actual time=0.002..0.002 rows=1 loops=1)
  ->  Hash Join (actual time=1.031..1.042 rows=8 loops=1)
        Hash Cond: (f.id = n.knowledge_file_id)
        Buffers: shared hit=516
        ->  Seq Scan on knowledge_files f (actual time=0.029..0.146 rows=136 loops=1)
              Filter: ((((sensitivity = 'staff_ai_ok'::text) AND (InitPlan 9).col1) OR ((sensitivity = 'management'::text) AND (InitPlan 10).col1) OR ((sensitivity = 'exec_only'::text) AND (InitPlan 11).col1)) AND ((entity_id = ANY ((InitPlan 7).col1)) OR ((entity_id IS NULL) AND (cardinality((InitPlan 8).col1) > 0))))
              Rows Removed by Filter: 282
              Buffers: shared hit=9
        ->  Hash (actual time=0.869..0.870 rows=8 loops=1)
              Buckets: 1024  Batches: 1  Memory Usage: 9kB
              Buffers: shared hit=507
              ->  CTE Scan on nearest n (actual time=0.786..0.864 rows=8 loops=1)
                    Buffers: shared hit=507
Planning:
  Buffers: shared hit=5
Planning Time: 0.846 ms
Execution Time: 1.149 ms

=== search, General Manager, company 1 ===
Sort (actual time=1.121..1.127 rows=8 loops=1)
  Sort Key: n.distance, n.knowledge_file_id, n."position"
  Sort Method: quicksort  Memory: 25kB
  Buffers: shared hit=516
  CTE nearest
    ->  Limit (actual time=0.807..0.863 rows=8 loops=1)
          Buffers: shared hit=507
          InitPlan 1
            ->  Result (actual time=0.005..0.006 rows=1 loops=1)
          InitPlan 2
            ->  Result (never executed)
          InitPlan 3
            ->  Result (actual time=0.005..0.005 rows=1 loops=1)
          InitPlan 4
            ->  Result (actual time=0.010..0.011 rows=1 loops=1)
          InitPlan 5
            ->  Result (never executed)
          ->  Index Scan using knowledge_chunks_embedding_idx on knowledge_chunks c (actual time=0.806..0.859 rows=8 loops=1)
                Order By: (embedding <=> '[-0.050298,-0.010863,-0.02522,-0.019809,-0.027097,0.034056,0.044012,-0.032303,-0.044586,-0.007267,0.025633,0.017725,0.052179,0.015968,-0.006737,0.047267,-0.021644,-0.003953,0.026898,-0.015657,-0.022058,-0.016647,-0.012726,-0.042248,0.027723,-0.010808,0.044418,0.031948,-0.042738,-0.050743,0.026337,0.03142,-0.002785,-0.010093,-0.032341,-3.1e-05,-0.050206,-0.043999,-0.036053,0.006342,-0.054716,-0.031918,-0.033122,-0.023356,0.037934,0.000362,-0.018507,-0.020842,-0.03328,0.02555,-0.022831,-0.029523,0.026728,0.046184,-0.006856,0.025906,0.034507,0.012724,-0.00778,-0.011273,-0.017647,0.019542,-0.036202,0.000606,0.000557,-0.038232,-0.019936,0.051731,0.028299,-0.019809,0.004564,0.054185,-0.018587,0.023702,-0.004551,-0.004334,-0.012908,-0.009616,-0.012882,0.012094,0.017847,-0.042786,0.053327,0.037105,-0.042832,0.051348,-0.002101,-0.016047,-0.034815,0.01495,-3.7e-05,-0.014289,-0.043613,-0.032304,-0.012837,-0.034661,-0.037228,0.043832,-0.040474,-0.002298,-0.001105,0.051552,0.006172,0.043974,-0.001114,0.007486,0.029825,0.039901,-0.020746,-0.01563,0.040391,-0.048632,-0.053954,0.013208,0.048972,0.014995,-0.01187,-0.0444,0.021693,0.025808,0.046612,0.014981,0.011492,-0.045364,0.051774,-0.041808,-0.043565,-0.054155,-0.033704,-0.027097,-0.015311,-0.04705,0.017568,0.016879,0.026601,-0.002222,-0.002899,0.033195,0.040481,-0.011505,-0.040141,0.001467,-0.055098,0.017747,-0.039327,-0.007506,0.053937,0.027555,0.006272,0.014339,0.011214,0.031303,0.048645,0.049313,-0.02039,0.030695,-0.045566,0.019588,0.018836,0.005295,0.000562,0.027542,0.022249,0.05033,-0.008362,-0.049125,-0.017317,0.034846,0.025417,0.045496,0.040165,-0.033153,0.041558,0.02853,0.007341,-0.052896,-0.053336,-0.023178,0.044637,-0.009043,0.041966,-0.006273,-0.038992,0.019625,-0.046491,0.0324,0.013158,-0.018929,0.014677,-0.052766,0.006495,-0.051703,0.03741,-0.009112,-0.03895,0.024728,0.012939,0.001258,0.019147,-0.031927,-0.052298,-0.014897,-0.050591,-0.034147,0.00935,0.026338,0.013992,0.049796,0.003627,0.048283,-0.039484,0.039216,0.000455,0.002987,0.05528,-0.018267,-0.024985,0.042464,-0.035375,-0.029169,-0.009919,0.0397,-0.047674,0.029822,-0.04375,0.024114,0.053833,0.052905,0.014798,0.041809,0.053939,-0.032285,0.023404,0.032685,0.032703,-0.003429,-0.014886,0.035415,-0.015448,0.028108,-0.00873,0.005485,-0.022376,0.017852,0.018793,-0.035631,-0.019438,-0.053425,0.030488,0.045846,-0.003111,0.004329,0.046501,0.045391,0.049083,0.014189,-0.033891,0.025594,-0.046298,-0.046433,-0.017507,0.023906,-0.046181,-0.007161,0.017596,-0.033734,0.016731,0.003799,0.010824,-0.055346,-0.012671,-0.00144,-0.014697,-0.031805,0.004128,0.040136,-0.022145,-0.052798,0.01596,0.027757,-0.012074,-0.051352,-0.004129,0.046353,-0.001712,-0.000559,0.04351,-0.019908,0.031696,-0.042254,-0.053917,0.028859,-0.039464,-0.01709,0.050844,0.006922,0.01502,0.017958,-0.015928,0.013674,0.026285,0.033196,0.035673,-0.02256,0.009514,0.053877,0.036879,-0.021113,0.046709,0.005859,-0.028222,0.029739,0.027966,0.05348,-0.002805,-0.046827,0.023271,-0.023054,0.037948,-0.03444,-0.021533,-0.029329,-0.05492,0.024379,-0.041905,-0.041886,0.010492,0.044626,0.007602,-0.027127,-0.054356,-0.000163,-0.033765,0.027518,-0.020946,-0.019712,-0.003336,-0.034065,0.049181,-0.030517,0.037205,0.036275,0.015463,-0.027662,0.001509,0.025723,-0.010195,-0.022453,-0.026735,-0.017409,-0.005058,0.042062,-0.035652,-0.049132,0.046135,-0.046504,0.014829,-0.040638,-0.027247,0.045811,0.040722,-0.027803,0.037322,0.023775,-0.015223,0.035904,0.051286,0.034065,-0.017317,0.013762,-0.005862,0.013812,-0.005589,0.024886,-0.017976,0.011928,-0.054388,0.008126,-0.02779,0.047213,0.041295,-0.025564,-0.026135,0.009171,-0.001121,-0.047537,-0.05175,-0.048298,0.045852,0.027866,-0.00468,-0.002813,0.040898,-0.016472,-0.044203,0.045814,-0.005139,0.046924,-0.037307,0.00176,0.017159,-0.023555,-0.017696,0.017061,0.041905,-0.034937,-0.047119,-0.001236,0.022425,-0.053941,-0.05465,0.014857,0.024279,0.008777,-0.021674,0.007774,-0.044334,0.014625,-0.006547,0.034532,-0.0218,-0.046952,-0.022264,-0.035998,0.010125,-0.031421,0.035844,-0.041752,0.041543,0.026124,0.00537,0.050079,0.041113,0.017431,0.010861,-0.011018,-0.011157,-0.026014,-0.053507,0.036712,-0.022466,-0.04668,-0.034407,-0.040874,-0.034755,4.9e-05,0.030643,0.021833,-0.038095,-0.027799,0.051217,0.020885,-0.040149,-0.039499,0.000733,-0.006792,-0.030878,-0.042369,-0.040048,-0.048973,-0.027913,-0.00921,0.00698,0.023709,0.02903,0.039118,0.017528,-0.036429,-0.035293,-0.037788,-0.007078,-0.006449,0.033165,-0.052011,0.014791,-0.021632,-0.041445,0.01551,0.042291,-0.004533,-0.014143,0.021788,-0.0526,0.038959,0.03449,-0.013115,-0.005746,-0.001645,0.006485,0.01889,-0.029802,-0.05448,-0.016144,0.050308,-0.015976,0.017964,0.029314,0.008012,0.005347,0.025552,0.054406,-0.04249,0.003363,-0.017377,0.012833,-0.008758,-0.012308,0.00912,-0.020324,0.053635,0.055246,-0.013278,0.002813,-0.012347,-0.04918,0.005964,0.034286,0.006595,-0.01216,-0.03743,0.006252,-0.027352,-0.001538,0.034981,-0.027208,0.050371,-0.0028,0.054114,-0.017584,0.035461,0.015199,-0.005328,-0.04211,-0.033935,-0.038862,-0.023992,0.049239,-0.054909,-0.048685,0.043836,0.014494,0.054776,-0.02184,0.012591,-0.019161,0.035533,-0.005281,-0.009124,-0.010661,0.008858,-0.02136,0.040042,-0.022882,-0.008243,0.04495,-0.03795,0.020663,0.023469,0.011009,0.053509,-0.043002,0.038717,0.039568,-0.047662,0.01649,0.037989,0.050376,-0.026102,-0.000552,-0.0386,-0.002779,0.00581,0.015714,0.021982,-0.007365,-0.005935,0.00612,-0.017283,0.008758,-0.035281,-0.0367,0.041426,-0.015135,0.017298,0.031688,-0.010079,-0.018028,-0.009854,-0.020925,-0.010426,0.020537,-0.031063,0.004488,-0.01777,-0.044601,-0.014545,-0.031604,-0.032306,0.036516,0.027198,-0.045759,0.043209,-0.031501,0.020981,0.014175,-0.02292,-0.002215,-0.0084,0.01378,2.6e-05,0.004757,0.011586,0.02974,0.04304,-0.016228,-0.010147,-0.033123,-0.023542,-0.035071,-0.043707,0.05189,-0.049891,-0.023456,0.038781,-0.03708,-0.031211,0.048529,-0.014075,-0.021105,-0.005881,-0.031651,0.046166,0.035106,0.004907,0.015144,-0.006638,-0.004237,0.000454,0.039836,-0.021648,-0.015773,0.008196,-0.022063,0.012893,0.036705,-0.044955,-0.029541,-0.014773,0.018507,-0.051942,-0.049368,0.005278,0.019117,0.002541,0.025244,0.042747,0.013484,-0.041628,-0.009266,0.011936,0.026873,0.050252,0.049328,-0.002359,0.016654,0.052452,0.050264,-0.019899,0.006626,-0.024125,0.045462,-0.019619,0.041642,-0.017766,2.1e-05,-0.05416,-0.034467,-0.017623,-0.00289,-0.033249,0.049312,-0.031604,-0.047513,-0.046105,-0.029869,0.041102,0.019739,-0.009829,0.040252,-0.005725,-0.004915,-0.047465,0.054313,0.020249,0.001856,-0.013284,0.034628,-0.004176,0.038808,0.017795,0.04542,0.001831,-0.040348,-0.005696,-0.022565,-0.042781,0.045633,0.050821,-0.051977,0.031208,0.052909,-0.022764,0.000424,-0.039465,0.025151,-0.035476,0.006168,0.052024,0.02842,-0.018922,-0.004931,0.027517,0.008136,0.053865,-0.038928,0.004369,0.029549,-0.013721,-0.002774,0.030827,-0.02772,0.01065,0.047102,0.000191,0.020256,0.025782,-0.023591,0.031857,0.029042,-0.012536,0.048777,-0.031451,-0.030616,0.046859,-0.01077,-0.012075,0.046403,0.048034,-0.032916,-0.036708,-0.048566,-0.005365,0.007513,-0.006058,0.021895,-0.019772,-0.028041,-0.0397,-0.000177,-0.000317,0.054206,0.038042,-0.030257,7.6e-05,-0.027981,0.030743,-0.015181,0.041053,-0.036337,0.005496,-0.004061,0.011228,-0.003725,-0.01765,-0.021651,-0.03336,0.012948,-0.0459,0.010023,0.04704,0.032181,0.006698,-0.049152,-0.042326,0.009684,0.048285,0.044372,0.031035,-0.023122,-0.039103,-0.027758,-0.037868,0.051254,-0.032408,-0.005019,0.041488,0.039503,0.029517,0.025068,0.021579,-0.003336,-0.028511,-0.022418,-0.004981,0.042661,-0.006555,-0.020387,0.050108,0.03075,-0.048024,-0.007347,-0.037507,-0.008673,0.043499,-0.003251,0.005021,0.020083,-0.029968,0.023356,0.036964,-0.034157,0.034441,0.037618,0.047801,0.005933,0.012228,0.047503,-0.040284,0.021269,0.05371,0.048638,0.016373,0.047306,0.026921,-0.055262,0.000657,-0.028885,-0.03282,-0.0275,-0.030517,-0.011758,0.023,0.029555,0.001442,-0.012942,-0.034068,0.04857,-0.007135,-0.020288,-0.029476,-0.048972,0.000846,0.046985,0.041658,-0.008403,-0.031071,0.019951,-0.031676,-0.011712,-0.004527,0.009113,-0.011504,0.008434,-0.015584,-0.043134,-0.021508,0.046593,0.005411,-0.027684,-0.015956,0.047801,0.042621,-0.043947,0.015113,-0.020542,0.025712,-0.023199,0.002729,-0.036953,0.029352,-0.00875,0.035597,-0.021705,0.051245,-0.029348,-0.036239,-0.046658,-0.00111,0.049035,-0.001161,-0.000664,-0.052558,0.024075,-0.00753,-0.002182,0.026246,-0.014583,-0.015428,-0.016066,0.013078,-0.027891,0.004809,0.0325,0.042439,-0.013482,-0.001819,-0.048912,0.009734,0.0421,0.053492,-0.048714,-0.040198,0.013975,-0.052337,0.049295,-0.051817,0.020108,-0.051645,0.044969,-0.027867,0.001598,-0.004124,-0.019952,0.012578,-0.044437,-0.022196,0.032276,0.017901,-0.01263,0.054533,-0.020643,0.013575,0.042433,-0.040723,0.022679,-0.016162,0.006941,0.049402,0.032682,0.029825,0.032259,-0.022747,-0.042736,-0.001576,0.046373,-0.042955,-0.040873,0.004957,-0.017532,-0.012076,-0.027842,-0.011963,-0.048826,0.015737,0.024825,0.015245,0.02035,0.053781,0.001092,0.048243,-0.010739,-0.025647,-0.030091,-0.040988,-0.023343,-0.048612,0.027224,-0.035241,-0.003465,-0.05332,-0.035912,0.041968,-0.048358,0.008447,-0.022285,-0.022888,0.010759,-0.00298,0.052273,0.027561,0.026565,-0.05102,0.018146,-0.002875,0.013166,0.030635,0.043934,-0.025917,-0.022051,-0.033089,-0.020882,-0.02795,0.049905,-0.055255,0.014204,0.02171,0.047652,0.038395,0.052807,-0.043143,0.032022,0.044035,-0.027391,-0.012906,0.033158,0.026965,-0.020769,-0.041038,-0.048646,-0.001148,0.03721,-0.033514,-0.036645,-0.0321,-0.004735,-0.043902,-0.031169,0.002845,0.007311,-0.024465,0.052976,-0.012101,0.006289,0.002374]'::vector)
                Filter: ((((sensitivity = 'staff_ai_ok'::text) AND (InitPlan 3).col1) OR ((sensitivity = 'management'::text) AND (InitPlan 4).col1) OR ((sensitivity = 'exec_only'::text) AND (InitPlan 5).col1)) AND ((entity_id = ANY ((InitPlan 1).col1)) OR ((entity_id IS NULL) AND (cardinality((InitPlan 2).col1) > 0))))
                Rows Removed by Filter: 150
                Buffers: shared hit=507
  InitPlan 7
    ->  Result (actual time=0.006..0.006 rows=1 loops=1)
  InitPlan 8
    ->  Result (actual time=0.003..0.003 rows=1 loops=1)
  InitPlan 9
    ->  Result (actual time=0.032..0.033 rows=1 loops=1)
  InitPlan 10
    ->  Result (actual time=0.024..0.024 rows=1 loops=1)
  InitPlan 11
    ->  Result (actual time=0.005..0.005 rows=1 loops=1)
  ->  Hash Join (actual time=1.098..1.111 rows=8 loops=1)
        Hash Cond: (f.id = n.knowledge_file_id)
        Buffers: shared hit=516
        ->  Seq Scan on knowledge_files f (actual time=0.059..0.209 rows=138 loops=1)
              Filter: ((((sensitivity = 'staff_ai_ok'::text) AND (InitPlan 9).col1) OR ((sensitivity = 'management'::text) AND (InitPlan 10).col1) OR ((sensitivity = 'exec_only'::text) AND (InitPlan 11).col1)) AND ((entity_id = ANY ((InitPlan 7).col1)) OR ((entity_id IS NULL) AND (cardinality((InitPlan 8).col1) > 0))))
              Rows Removed by Filter: 280
              Buffers: shared hit=9
        ->  Hash (actual time=0.874..0.875 rows=8 loops=1)
              Buckets: 1024  Batches: 1  Memory Usage: 9kB
              Buffers: shared hit=507
              ->  CTE Scan on nearest n (actual time=0.811..0.869 rows=8 loops=1)
                    Buffers: shared hit=507
Planning:
  Buffers: shared hit=5
Planning Time: 0.469 ms
Execution Time: 1.312 ms

=== search, Executive, all companies ===
Sort (actual time=0.839..0.843 rows=8 loops=1)
  Sort Key: n.distance, n.knowledge_file_id, n."position"
  Sort Method: quicksort  Memory: 25kB
  Buffers: shared hit=502
  CTE nearest
    ->  Limit (actual time=0.595..0.638 rows=8 loops=1)
          Buffers: shared hit=493
          InitPlan 1
            ->  Result (actual time=0.003..0.003 rows=1 loops=1)
          InitPlan 2
            ->  Result (never executed)
          InitPlan 3
            ->  Result (never executed)
          InitPlan 4
            ->  Result (actual time=0.017..0.018 rows=1 loops=1)
          InitPlan 5
            ->  Result (never executed)
          ->  Index Scan using knowledge_chunks_embedding_idx on knowledge_chunks c (actual time=0.593..0.634 rows=8 loops=1)
                Order By: (embedding <=> '[-0.050298,-0.010863,-0.02522,-0.019809,-0.027097,0.034056,0.044012,-0.032303,-0.044586,-0.007267,0.025633,0.017725,0.052179,0.015968,-0.006737,0.047267,-0.021644,-0.003953,0.026898,-0.015657,-0.022058,-0.016647,-0.012726,-0.042248,0.027723,-0.010808,0.044418,0.031948,-0.042738,-0.050743,0.026337,0.03142,-0.002785,-0.010093,-0.032341,-3.1e-05,-0.050206,-0.043999,-0.036053,0.006342,-0.054716,-0.031918,-0.033122,-0.023356,0.037934,0.000362,-0.018507,-0.020842,-0.03328,0.02555,-0.022831,-0.029523,0.026728,0.046184,-0.006856,0.025906,0.034507,0.012724,-0.00778,-0.011273,-0.017647,0.019542,-0.036202,0.000606,0.000557,-0.038232,-0.019936,0.051731,0.028299,-0.019809,0.004564,0.054185,-0.018587,0.023702,-0.004551,-0.004334,-0.012908,-0.009616,-0.012882,0.012094,0.017847,-0.042786,0.053327,0.037105,-0.042832,0.051348,-0.002101,-0.016047,-0.034815,0.01495,-3.7e-05,-0.014289,-0.043613,-0.032304,-0.012837,-0.034661,-0.037228,0.043832,-0.040474,-0.002298,-0.001105,0.051552,0.006172,0.043974,-0.001114,0.007486,0.029825,0.039901,-0.020746,-0.01563,0.040391,-0.048632,-0.053954,0.013208,0.048972,0.014995,-0.01187,-0.0444,0.021693,0.025808,0.046612,0.014981,0.011492,-0.045364,0.051774,-0.041808,-0.043565,-0.054155,-0.033704,-0.027097,-0.015311,-0.04705,0.017568,0.016879,0.026601,-0.002222,-0.002899,0.033195,0.040481,-0.011505,-0.040141,0.001467,-0.055098,0.017747,-0.039327,-0.007506,0.053937,0.027555,0.006272,0.014339,0.011214,0.031303,0.048645,0.049313,-0.02039,0.030695,-0.045566,0.019588,0.018836,0.005295,0.000562,0.027542,0.022249,0.05033,-0.008362,-0.049125,-0.017317,0.034846,0.025417,0.045496,0.040165,-0.033153,0.041558,0.02853,0.007341,-0.052896,-0.053336,-0.023178,0.044637,-0.009043,0.041966,-0.006273,-0.038992,0.019625,-0.046491,0.0324,0.013158,-0.018929,0.014677,-0.052766,0.006495,-0.051703,0.03741,-0.009112,-0.03895,0.024728,0.012939,0.001258,0.019147,-0.031927,-0.052298,-0.014897,-0.050591,-0.034147,0.00935,0.026338,0.013992,0.049796,0.003627,0.048283,-0.039484,0.039216,0.000455,0.002987,0.05528,-0.018267,-0.024985,0.042464,-0.035375,-0.029169,-0.009919,0.0397,-0.047674,0.029822,-0.04375,0.024114,0.053833,0.052905,0.014798,0.041809,0.053939,-0.032285,0.023404,0.032685,0.032703,-0.003429,-0.014886,0.035415,-0.015448,0.028108,-0.00873,0.005485,-0.022376,0.017852,0.018793,-0.035631,-0.019438,-0.053425,0.030488,0.045846,-0.003111,0.004329,0.046501,0.045391,0.049083,0.014189,-0.033891,0.025594,-0.046298,-0.046433,-0.017507,0.023906,-0.046181,-0.007161,0.017596,-0.033734,0.016731,0.003799,0.010824,-0.055346,-0.012671,-0.00144,-0.014697,-0.031805,0.004128,0.040136,-0.022145,-0.052798,0.01596,0.027757,-0.012074,-0.051352,-0.004129,0.046353,-0.001712,-0.000559,0.04351,-0.019908,0.031696,-0.042254,-0.053917,0.028859,-0.039464,-0.01709,0.050844,0.006922,0.01502,0.017958,-0.015928,0.013674,0.026285,0.033196,0.035673,-0.02256,0.009514,0.053877,0.036879,-0.021113,0.046709,0.005859,-0.028222,0.029739,0.027966,0.05348,-0.002805,-0.046827,0.023271,-0.023054,0.037948,-0.03444,-0.021533,-0.029329,-0.05492,0.024379,-0.041905,-0.041886,0.010492,0.044626,0.007602,-0.027127,-0.054356,-0.000163,-0.033765,0.027518,-0.020946,-0.019712,-0.003336,-0.034065,0.049181,-0.030517,0.037205,0.036275,0.015463,-0.027662,0.001509,0.025723,-0.010195,-0.022453,-0.026735,-0.017409,-0.005058,0.042062,-0.035652,-0.049132,0.046135,-0.046504,0.014829,-0.040638,-0.027247,0.045811,0.040722,-0.027803,0.037322,0.023775,-0.015223,0.035904,0.051286,0.034065,-0.017317,0.013762,-0.005862,0.013812,-0.005589,0.024886,-0.017976,0.011928,-0.054388,0.008126,-0.02779,0.047213,0.041295,-0.025564,-0.026135,0.009171,-0.001121,-0.047537,-0.05175,-0.048298,0.045852,0.027866,-0.00468,-0.002813,0.040898,-0.016472,-0.044203,0.045814,-0.005139,0.046924,-0.037307,0.00176,0.017159,-0.023555,-0.017696,0.017061,0.041905,-0.034937,-0.047119,-0.001236,0.022425,-0.053941,-0.05465,0.014857,0.024279,0.008777,-0.021674,0.007774,-0.044334,0.014625,-0.006547,0.034532,-0.0218,-0.046952,-0.022264,-0.035998,0.010125,-0.031421,0.035844,-0.041752,0.041543,0.026124,0.00537,0.050079,0.041113,0.017431,0.010861,-0.011018,-0.011157,-0.026014,-0.053507,0.036712,-0.022466,-0.04668,-0.034407,-0.040874,-0.034755,4.9e-05,0.030643,0.021833,-0.038095,-0.027799,0.051217,0.020885,-0.040149,-0.039499,0.000733,-0.006792,-0.030878,-0.042369,-0.040048,-0.048973,-0.027913,-0.00921,0.00698,0.023709,0.02903,0.039118,0.017528,-0.036429,-0.035293,-0.037788,-0.007078,-0.006449,0.033165,-0.052011,0.014791,-0.021632,-0.041445,0.01551,0.042291,-0.004533,-0.014143,0.021788,-0.0526,0.038959,0.03449,-0.013115,-0.005746,-0.001645,0.006485,0.01889,-0.029802,-0.05448,-0.016144,0.050308,-0.015976,0.017964,0.029314,0.008012,0.005347,0.025552,0.054406,-0.04249,0.003363,-0.017377,0.012833,-0.008758,-0.012308,0.00912,-0.020324,0.053635,0.055246,-0.013278,0.002813,-0.012347,-0.04918,0.005964,0.034286,0.006595,-0.01216,-0.03743,0.006252,-0.027352,-0.001538,0.034981,-0.027208,0.050371,-0.0028,0.054114,-0.017584,0.035461,0.015199,-0.005328,-0.04211,-0.033935,-0.038862,-0.023992,0.049239,-0.054909,-0.048685,0.043836,0.014494,0.054776,-0.02184,0.012591,-0.019161,0.035533,-0.005281,-0.009124,-0.010661,0.008858,-0.02136,0.040042,-0.022882,-0.008243,0.04495,-0.03795,0.020663,0.023469,0.011009,0.053509,-0.043002,0.038717,0.039568,-0.047662,0.01649,0.037989,0.050376,-0.026102,-0.000552,-0.0386,-0.002779,0.00581,0.015714,0.021982,-0.007365,-0.005935,0.00612,-0.017283,0.008758,-0.035281,-0.0367,0.041426,-0.015135,0.017298,0.031688,-0.010079,-0.018028,-0.009854,-0.020925,-0.010426,0.020537,-0.031063,0.004488,-0.01777,-0.044601,-0.014545,-0.031604,-0.032306,0.036516,0.027198,-0.045759,0.043209,-0.031501,0.020981,0.014175,-0.02292,-0.002215,-0.0084,0.01378,2.6e-05,0.004757,0.011586,0.02974,0.04304,-0.016228,-0.010147,-0.033123,-0.023542,-0.035071,-0.043707,0.05189,-0.049891,-0.023456,0.038781,-0.03708,-0.031211,0.048529,-0.014075,-0.021105,-0.005881,-0.031651,0.046166,0.035106,0.004907,0.015144,-0.006638,-0.004237,0.000454,0.039836,-0.021648,-0.015773,0.008196,-0.022063,0.012893,0.036705,-0.044955,-0.029541,-0.014773,0.018507,-0.051942,-0.049368,0.005278,0.019117,0.002541,0.025244,0.042747,0.013484,-0.041628,-0.009266,0.011936,0.026873,0.050252,0.049328,-0.002359,0.016654,0.052452,0.050264,-0.019899,0.006626,-0.024125,0.045462,-0.019619,0.041642,-0.017766,2.1e-05,-0.05416,-0.034467,-0.017623,-0.00289,-0.033249,0.049312,-0.031604,-0.047513,-0.046105,-0.029869,0.041102,0.019739,-0.009829,0.040252,-0.005725,-0.004915,-0.047465,0.054313,0.020249,0.001856,-0.013284,0.034628,-0.004176,0.038808,0.017795,0.04542,0.001831,-0.040348,-0.005696,-0.022565,-0.042781,0.045633,0.050821,-0.051977,0.031208,0.052909,-0.022764,0.000424,-0.039465,0.025151,-0.035476,0.006168,0.052024,0.02842,-0.018922,-0.004931,0.027517,0.008136,0.053865,-0.038928,0.004369,0.029549,-0.013721,-0.002774,0.030827,-0.02772,0.01065,0.047102,0.000191,0.020256,0.025782,-0.023591,0.031857,0.029042,-0.012536,0.048777,-0.031451,-0.030616,0.046859,-0.01077,-0.012075,0.046403,0.048034,-0.032916,-0.036708,-0.048566,-0.005365,0.007513,-0.006058,0.021895,-0.019772,-0.028041,-0.0397,-0.000177,-0.000317,0.054206,0.038042,-0.030257,7.6e-05,-0.027981,0.030743,-0.015181,0.041053,-0.036337,0.005496,-0.004061,0.011228,-0.003725,-0.01765,-0.021651,-0.03336,0.012948,-0.0459,0.010023,0.04704,0.032181,0.006698,-0.049152,-0.042326,0.009684,0.048285,0.044372,0.031035,-0.023122,-0.039103,-0.027758,-0.037868,0.051254,-0.032408,-0.005019,0.041488,0.039503,0.029517,0.025068,0.021579,-0.003336,-0.028511,-0.022418,-0.004981,0.042661,-0.006555,-0.020387,0.050108,0.03075,-0.048024,-0.007347,-0.037507,-0.008673,0.043499,-0.003251,0.005021,0.020083,-0.029968,0.023356,0.036964,-0.034157,0.034441,0.037618,0.047801,0.005933,0.012228,0.047503,-0.040284,0.021269,0.05371,0.048638,0.016373,0.047306,0.026921,-0.055262,0.000657,-0.028885,-0.03282,-0.0275,-0.030517,-0.011758,0.023,0.029555,0.001442,-0.012942,-0.034068,0.04857,-0.007135,-0.020288,-0.029476,-0.048972,0.000846,0.046985,0.041658,-0.008403,-0.031071,0.019951,-0.031676,-0.011712,-0.004527,0.009113,-0.011504,0.008434,-0.015584,-0.043134,-0.021508,0.046593,0.005411,-0.027684,-0.015956,0.047801,0.042621,-0.043947,0.015113,-0.020542,0.025712,-0.023199,0.002729,-0.036953,0.029352,-0.00875,0.035597,-0.021705,0.051245,-0.029348,-0.036239,-0.046658,-0.00111,0.049035,-0.001161,-0.000664,-0.052558,0.024075,-0.00753,-0.002182,0.026246,-0.014583,-0.015428,-0.016066,0.013078,-0.027891,0.004809,0.0325,0.042439,-0.013482,-0.001819,-0.048912,0.009734,0.0421,0.053492,-0.048714,-0.040198,0.013975,-0.052337,0.049295,-0.051817,0.020108,-0.051645,0.044969,-0.027867,0.001598,-0.004124,-0.019952,0.012578,-0.044437,-0.022196,0.032276,0.017901,-0.01263,0.054533,-0.020643,0.013575,0.042433,-0.040723,0.022679,-0.016162,0.006941,0.049402,0.032682,0.029825,0.032259,-0.022747,-0.042736,-0.001576,0.046373,-0.042955,-0.040873,0.004957,-0.017532,-0.012076,-0.027842,-0.011963,-0.048826,0.015737,0.024825,0.015245,0.02035,0.053781,0.001092,0.048243,-0.010739,-0.025647,-0.030091,-0.040988,-0.023343,-0.048612,0.027224,-0.035241,-0.003465,-0.05332,-0.035912,0.041968,-0.048358,0.008447,-0.022285,-0.022888,0.010759,-0.00298,0.052273,0.027561,0.026565,-0.05102,0.018146,-0.002875,0.013166,0.030635,0.043934,-0.025917,-0.022051,-0.033089,-0.020882,-0.02795,0.049905,-0.055255,0.014204,0.02171,0.047652,0.038395,0.052807,-0.043143,0.032022,0.044035,-0.027391,-0.012906,0.033158,0.026965,-0.020769,-0.041038,-0.048646,-0.001148,0.03721,-0.033514,-0.036645,-0.0321,-0.004735,-0.043902,-0.031169,0.002845,0.007311,-0.024465,0.052976,-0.012101,0.006289,0.002374]'::vector)
                Filter: ((((sensitivity = 'staff_ai_ok'::text) AND (InitPlan 3).col1) OR ((sensitivity = 'management'::text) AND (InitPlan 4).col1) OR ((sensitivity = 'exec_only'::text) AND (InitPlan 5).col1)) AND ((entity_id = ANY ((InitPlan 1).col1)) OR ((entity_id IS NULL) AND (cardinality((InitPlan 2).col1) > 0))))
                Buffers: shared hit=493
  InitPlan 7
    ->  Result (actual time=0.004..0.004 rows=1 loops=1)
  InitPlan 8
    ->  Result (actual time=0.001..0.002 rows=1 loops=1)
  InitPlan 9
    ->  Result (actual time=0.018..0.018 rows=1 loops=1)
  InitPlan 10
    ->  Result (actual time=0.018..0.019 rows=1 loops=1)
  InitPlan 11
    ->  Result (actual time=0.008..0.009 rows=1 loops=1)
  ->  Hash Join (actual time=0.771..0.833 rows=8 loops=1)
        Hash Cond: (f.id = n.knowledge_file_id)
        Buffers: shared hit=502
        ->  Seq Scan on knowledge_files f (actual time=0.034..0.157 rows=418 loops=1)
              Filter: ((((sensitivity = 'staff_ai_ok'::text) AND (InitPlan 9).col1) OR ((sensitivity = 'management'::text) AND (InitPlan 10).col1) OR ((sensitivity = 'exec_only'::text) AND (InitPlan 11).col1)) AND ((entity_id = ANY ((InitPlan 7).col1)) OR ((entity_id IS NULL) AND (cardinality((InitPlan 8).col1) > 0))))
              Buffers: shared hit=9
        ->  Hash (actual time=0.645..0.646 rows=8 loops=1)
              Buckets: 1024  Batches: 1  Memory Usage: 9kB
              Buffers: shared hit=493
              ->  CTE Scan on nearest n (actual time=0.598..0.643 rows=8 loops=1)
                    Buffers: shared hit=493
Planning:
  Buffers: shared hit=5
Planning Time: 0.429 ms
Execution Time: 0.931 ms

=== vault list, Executive, all companies ===
Limit (actual time=0.513..0.519 rows=51 loops=1)
  Buffers: shared hit=12
  InitPlan 1
    ->  Result (actual time=0.003..0.004 rows=1 loops=1)
  InitPlan 2
    ->  Result (actual time=0.001..0.001 rows=1 loops=1)
  InitPlan 3
    ->  Result (actual time=0.015..0.016 rows=1 loops=1)
  InitPlan 4
    ->  Result (actual time=0.009..0.009 rows=1 loops=1)
  InitPlan 5
    ->  Result (actual time=0.008..0.008 rows=1 loops=1)
  ->  Sort (actual time=0.512..0.514 rows=51 loops=1)
        Sort Key: knowledge_files.created_at DESC, knowledge_files.id DESC
        Sort Method: top-N heapsort  Memory: 51kB
        Buffers: shared hit=12
        ->  Seq Scan on knowledge_files (actual time=0.034..0.267 rows=417 loops=1)
              Filter: ((state <> 'archived'::text) AND ((entity_id = ANY ('{1,2,3,4}'::integer[])) OR (entity_id IS NULL)) AND (((sensitivity = 'staff_ai_ok'::text) AND (InitPlan 3).col1) OR ((sensitivity = 'management'::text) AND (InitPlan 4).col1) OR ((sensitivity = 'exec_only'::text) AND (InitPlan 5).col1)) AND ((entity_id = ANY ((InitPlan 1).col1)) OR ((entity_id IS NULL) AND (cardinality((InitPlan 2).col1) > 0))))
              Rows Removed by Filter: 1
              Buffers: shared hit=9
Planning:
  Buffers: shared hit=62 read=1
Planning Time: 0.445 ms
Execution Time: 0.556 ms

Search timed through executeQuery (the embedding call is not included):
tele-caller, company 1: p50 9.1 ms, p95 14.9 ms over 50 runs
General Manager, company 1: p50 9.3 ms, p95 11.1 ms over 50 runs
Executive, all companies: p50 9.6 ms, p95 11.1 ms over 50 runs
